$ANSIBLE_VAULT;1.1;AES256
32653331613138643536653836336630643137376432633134313831356238353431653334366331
3737323066663436626538626239383636383430616535320a666632623637373763623665633335
34353238663464356662386230306134363134613862343238393666383237646135646638633161
3961613162656134390a643135656463393264313232613966656431623038353437343832633764
34333930376363323965393438636365363066373633663163363032363734653634663931316436
32666561396535326632326234333938333930623034383437326131386238363263663136616266
64333330663162616630653235346334643665333365363762376437616463393435383938613132
37393433633264303234656633323431656431333266663331363364333131323962393539623964
38313937643132313662303238653932366530376665623265646163656533666261653762633035
62363236663930653961656665333461633866363765333237313462353364633962623764383562
30633337656436303731313538326137303933656138626130386330353833353365343462356261
32326137313765333863363738643734636461303731346536313739656564383537303361333163
63383736303338663731343531663962316366623031383833353031396166313061313232346365
35643662663936633237666561653039626366373836666133366234386537363665363434613563
39393562386332323732643738613564663038353434636333663535643335366638616131373638
61643230373331343461306164623662613432363365316234313233613339636430373366613539
61643565613762333361333163396566383833643830316266373161643336356666356435303063
39653865663261363561653637323234633839333431303538653361386266376638393638326339
33656264656261326561353565313964326138616334346632313363626564306531656138376437
30303965326234336631323965623532663466366537316532646461363230313034386364643961
64666236323531313139383661326232656661616434643237356236653932323139396235656135
37656631636163386538633031303937343130616239616139626335393265666131373939616236
33306134333233383531383865313463656234373965313237613462303731663430666362343535
36396366613266643665306266636530306638623562303961366437626565356237393038323930
35323866306166353736373466666432623131353866386130383361653866643662636631396539
31366130393764333963663037393837363338613761306637376666313564643963313035356131
65636237663461643965366537356132313638303535643233663162643664333230656266656136
33613537303230666238393962623234633134376534393464316234656366303236363834333466
38326136393765356435626639323433656463303937363531626662376534643061663839363531
38663438313230633266623665363364383831323265666336613435656566323831636335353131
63363466646639653436613738393838626538313664646633363866363931626334636433316331
65343366346361613632636432613838636164623738323364376430666463663066326433656434
64626662323062336339646566666262633032336436653431306661353534623263363736613136
37306232623133353066326165613561643531616437373232363764613632633937386163323961
61386430633438616466633063663638613761626436393562343436336566653437613064313265
38386434613737383732613634343638356131313934393232616433616463313963613235616461
62396131303161623133623463313562343365623030373263613434336364653562656136613234
33366663373862623231313931396433336364303834633865373163313633623163356333303634
36336637613163366130353436343563653263366138373665633363663961323663623332313865
66386564376362616436656132343961323930306361313265333532623237626266343363626331
36643962653438633631386134323932383039663063346638393830393130616637303363316431
32303239343139613732303233646435366532353664613666303566656362326631316361616431
36623235626233396333336238336533643835646665363830326463393732616335366165333361
31633930373930346433383432386237613430646665366133653734613062373639303665363832
63396630396566623766363137333938653537383465616262396634363438343638386162303336
61303366653764666266393637393937363932353039626134623266346338653966386437613432
62356532333664613366373632383332663938396562343964386361306533333537346332643838
39313138343165623830633830323530373766613334323131643237616438353065386330366663
39393437323562333262366132303639396231656434653039626435383634373065396363326638
65366635303961356139626139336138616538353331633362343466386139326637313135333962
37353163653266613963373036633736306435663330623464316265626238376233643732356134
30396366336266666635626137663832333963363262613366343234356265366531343961343664
62343034383339356233326565636430373431343730643966363635663832386433373331356435
31373433313339663637636637633265396639343865333566653930346365316237666538396136
66346135623334316236623364323632393931393063306336376633653431326238373439336539
36316634626637323036323565346134623464313139616166316465336332346231383664386331
32356237313732333162393334343034653436643230353632623062336534353163643530653534
31343430316335396130363163663162346639363730653966353234396666663266353232303534
32633739663236306230393833656136633861363962633137643461363166346263373763353534
38613963633232656134313562353136356464333234313834386130386265663630636335653930
35633630343936336239623830373032373231393538623562653362373336323564353930393732
61326464656465396532383462306437303262333362396339656130643664326338663034613534
33393564633364643837336532623833663034313832663863306134376661633265633132316662
65326365666365373662366331626634613833343666366336306239343564616536303334396639
66313734633831663232313861303430326337663164643361633234363737333264643333616434
34316334353330353531353366613238386136373939666365326635366263326161383061336363
66306636333633626666616232353537653431326230353961643765336662366161366663313536
64363764666330393533316639616132343736316136383061323462643366373331633933313031
30393063333262663637373339383733626636393837313530346538313662386238633161346431
31666537646664366231383035643762323231626664623334363565386535663238373937343461
66613364393165643561316561663030313665346436666265363435623165393865386439366532
30323530616237366263303335326633353265333032363861373232613363643733343838313136
34326266353462656635333966313134666665626463653265623562333336353966613763613736
37356564303239626531653963313064353534343230633161316161653433623938336533303939
39363365643637636137313965623736636536653237643837363535653365333236326362363439
39373832323961353739393337623862646131306366643864363438353464303839333935373934
39663138643034663862633632613535363738353265636461636130363266653834346138666561
39616531643762366530376265306262383735656162366635356430343430646437363130613961
66353937363631636466383631623665396235343135353632623432663530313964636261333263
66663665313636646330383634343062333132343733333531356133346130346133396633663131
62366564383830653265643638626139323239333430643062346163376463653431343961386235
33343934663339653863653565643661666234333961373164323164376663383133616164636636
32313966353131323233383735326539326564666134363165666462323534356362653837376563
36613065653530386435343763356465333734666565613334613863303735373239623433623436
35633436656334383634316232616537396434653534346462383137353263386232386264316164
30346233303562613539396261353133656464333066616134656163313166656130346138393130
61343136326633613837393037386639316561656364316363303065323733316432616563353730
30326565326637646137633536383433323262396265636462643733373137666236633135323732
38333536623330336132373532633862343632653731663764326234346266363830
