$ANSIBLE_VAULT;1.1;AES256
36616563383235373036343734346430343333656236383532663439383935623932303836393833
3537343735366334636339356631396134386339346431640a353036353333356337613963623138
39623466613565613939626638323464633239616662383362636333306633383038383937656331
6366633535306333620a343732303665323430313233613663643761393238623035356233316138
36353139313437336238663666613238616266656131386239356231353962323232636537656238
62373238666433353161656564396566633965353630386365376338623136346334393666326264
64383164383238353536646265383136636536326436646262373163616534636336363238373830
33386131626437393035333334623963363361306164663734383735613464303932373032626338
64373862373832393836383135363165666463353366633833313264636230383937373838323361
33323835643261373666343136663739333831646666346532396333366562386165363533313531
313736356363636665306461373534626161
